[app/ui]
version = 7.1.1
modtime = 1532925560.004524000

[app/launcher]
version = 7.1.1
modtime = 1532925560.008947000

[app/package/check_for_updates]
version = 7.1.1
modtime = 1532925560.011248000
